"Acanthocinus_griseus" "Aderus_populneus" "Ampedus_nigrinus" "Anaspis_frontalis" "Anaspis_rufilabris" "Anaspis_thoracica" "Anastrangalia_dubia" "Anisotoma_castanea" "Anisotoma_humeralis" "Anthaxia_helvetica" "Anthaxia_quadripunctata" "Anthribus_albinus" "Arhopalus_rusticus" "Atheta_picipes" "Atomaria_turgida" "Bibloporus_bicolor" "Bitoma_crenata" "Callidium_violaceum" "Cerylon_ferrugineum" "Cis_dentatus" "Corticaria_abietorum" "Corticaria_interstitialis" "Corticaria_lateritia" "Corticaria_longicollis" "Corticeus_linearis" "Corymbia_rubra" "Cryphalus_abietis" "Cryptophagus_cylindrus" "Crypturgus_hispidulus" "Crypturgus_pusillus" "Crypturgus_subcribrosus" "Curtimorda_maculosa" "Platysoma_angustatum" "Dasytes_plumbeus" "Diacanthous_undulatus" "Dinaraea_aequata" "Dryocoetes_autographus" "Dryocoetes_hectographus" "Epuraea_angustula" "Epuraea_binotata" "Epuraea_boreella" "Epuraea_deubeli" "Epuraea_laeviuscula" "Epuraea_marseuli" "Epuraea_pygmaea" "Epuraea_silacea" "Epuraea_terminalis" "Epuraea_thoracica" "Euryusa_castanoptera" "Gabrius_splendidulus" "Glischrochilus_quadripunctatus" "Gnathotrichus_materiarius" "Gyrophaena_boleti" "Hadreule_elongatulum" "Homalota_plana" "Hylastes_brunneus" "Hylastes_cunicularius" "Hylecoetus_dermestoides" "Hylobius_abietis" "Hylurgops_palliatus" "Ips_typographus" "Leptusa_pulchella" "Litargus_connexus" "Malthodes_mysticus" "Melanotus_castanipes" "Micrambe_abietis" "Microscydmus_minimus" "Monochamus_sutor" "Nemosoma_elongatum" "Nudobius_lentus" "Orthoperus_atomus" "Orthoperus_punctatus" "Orthotomicus_laricis" "Phloeocharis_subtilissima" "Phloeonomus_pusillus" "Phloeopora_bernhaueri" "Phloeopora_testacea" "Phloeostiba_lapponicus" "Phyllodrepa_linearis" "Pissodes_harcyniae" "Pityogenes_bidentatus" "Pityogenes_chalcographus" "Pityogenes_quadridens" "Pityophagus_ferrugineus" "Placusa_atrata" "Placusa_complanata" "Placusa_depressa" "Placusa_incompleta" "Placusa_tachyporoides" "Plectophloeus_fischeri" "Plegaderus_vulneratus" "Pogonocherus_fasciculatus" "Polygraphus_poligraphus" "Pteryngium_crenatum" "Pytho_depressus" "Quedius_plagiatus" "Rabocerus_foveolatus" "Rhagium_inquisitor" "Rhizophagus_bipustulatus" "Rhizophagus_cribratus" "Rhizophagus_depressus" "Rhizophagus_dispar" "Rhizophagus_ferrugineus" "Rhizophagus_nitidulus" "Rhizophagus_parallelocollis" "Rhyncolus_ater" "Salpingus_ruficollis" "Scaphisoma_agaricinum" "Serropalpus_barbatus" "Silvanus_bidentatus" "Tachyta_nana" "Tetropium_castaneum" "Thanasimus_femoralis" "Thanasimus_formicarius" "Thanasimus_pectoralis" "Xyleborus_dispar" "Xyleborus_saxeseni" "Xylita_livida" "Xyloterus_domesticus" "Xyloterus_lineatus"
"Acanthocinus_griseus" 0 0.3698934945308 0.226541192462743 0.214962167955728 0.229534706815832 0.218330043603397 0.139807138744963 0.294389088171472 0.33516629024401 0.186686927062575 0.169093374961251 0.123590091550602 0.0914450201496834 0.310697710490191 0.218280191311279 0.304121385235375 0.199284796953191 0.0277720207253886 0.162337363270006 0.21054260218768 0.228614100349852 0.272128780833444 0.208726252158895 0.286237560667357 0.187810327266286 0.147392055267703 0.165352730171383 0.178798326026305 0.103888999601435 0.144666201673974 0.408496302200965 0.18121628802976 0.0995144147568155 0.231395879602504 0.236347371684159 0.299949847216686 0.0696482662415305 0.0890524113192507 0.121902152251893 0.217318763562287 0.0997279792746114 0.178264248704663 0.118016141889199 0.119971214738054 0.203130729374253 0.353478366794163 0.155163522430362 0.106360103626943 0.183090872857712 0.28661096242728 0.0790784604139896 0.108860103626943 0.31849098799876 0.323326658967468 0.16237766263673 0.0661787564766839 0.0669559585492228 0.132772020725389 0.0337953367875648 0.125983459545636 0.0728857225100748 0.249760196599841 0.20355169012038 0.212822980168606 0.301983599796342 0.177487046632124 0.325349851645188 0.10259366281387 0.0811897170187326 0.099347460254196 0.252691453643937 0.260211618440282 0.0499740932642487 0.181447898659211 0.130430339649424 0.443224281475577 0.136266551525619 0.163429874673398 0.440633607900447 0.0498037066560383 0.10414308489438 0.108734334158082 0.111915105619769 0.0884974093264249 0.174511536247288 0.134453080023028 0.119116292458261 0.175806873034852 0.187011536247288 0.357092430229007 0.0959178386523316 0.0882253886010363 0.0684326424870466 0.267465568398211 0.0996604446215845 0.23911241748582 0.174805699481865 0.139261436605996 0.129292768256499 0.276041567803481 0.104479872459147 0.178683959966343 0.145935631725787 0.198795036296369 0.246746522058735 0.210435021239462 0.181269540764359 0.348176121501424 0.0800260174482972 0.146034276604225 0.227635881183242 0.0330440414507772 0.0996194809795846 0.0832595197116292 0.10001918491689 0.129300518134715 0.134363434507254 0.129801381692573 0.144220805101634 0.0996095484968912
"Aderus_populneus" 0.3698934945308 0 0.297198455914211 0.234931326575072 0.245358787714968 0.231563450927404 0.380811744386874 0.333965944820867 0.293188742748328 0.515129644391302 0.494945418714849 0.309050655741736 0.376894070236039 0.281759886655994 0.460608919002701 0.292005668482352 0.327531774500686 0.382665515256189 0.289110535405872 0.30435089234312 0.448720605819051 0.305568619635977 0.267721646516983 0.195391685158779 0.476356671538019 0.34395221646517 0.447681457862805 0.461127053717727 0.376217727292857 0.426994929365396 0.690825029892387 0.265600283424118 0.3657636951586 0.347783329228296 0.391796421770515 0.328789801160267 0.340629843673885 0.381225698596165 0.368375957663522 0.47949780789159 0.385165515256189 0.371629245826137 0.372261968026217 0.379922279792746 0.487531995925778 0.318979230352022 0.367336809707276 0.398533390903857 0.305264160134626 0.317128685949674 0.37081503411681 0.391033390903857 0.319708604579071 0.348671259636668 0.331960276338515 0.328714738054116 0.327937535981577 0.332665515256189 0.361098157743235 0.376602342677472 0.344229994242948 0.251415349161729 0.28634180441042 0.312711540054502 0.353728946149364 0.422406447898676 0.215456357114388 0.47248715734467 0.394088392896683 0.36593064966122 0.380734467024248 0.38825501279837 0.349919401266551 0.271554404161744 0.344981289596402 0.650216221602232 0.323626943005181 0.407831141224924 0.652806895177361 0.370474403259377 0.391135025021035 0.392099331279556 0.394243833311191 0.361396085204375 0.326840263938709 0.315440414507772 0.330777202072539 0.328135600726274 0.339340263938709 0.276828565298206 0.359675137743753 0.416668105929764 0.356460852043754 0.300905407200744 0.429553939152385 0.343473384737288 0.390087795048935 0.433599375581241 0.255985341658917 0.337313465188858 0.360798237456268 0.311594149949072 0.40588093972809 0.328021535157508 0.317377741702834 0.322920011752876 0.380547030689518 0.310948142260146 0.417697289756875 0.319243833311191 0.324180690270635 0.392937535981577 0.400658628935831 0.391633974819171 0.390258924998525 0.331629245826137 0.318120733598676 0.290092112838227 0.321057304813781 0.375283946033909
"Ampedus_nigrinus" 0.226541192462743 0.297198455914211 0 0.163695700739139 0.178268239599243 0.167063576386807 0.237459442318817 0.163232511093344 0.124009713165883 0.382140036623763 0.364546484522439 0.127236815212141 0.233541768167982 0.172475606324884 0.336810223949391 0.116668511890581 0.230293462069935 0.239313213188132 0.202234917275639 0.254884600637757 0.324921910765741 0.181769924582667 0.23084602838675 0.213542522050768 0.383263436827474 0.200599914397113 0.360805839732572 0.374251435587494 0.212419032239546 0.340119311235162 0.603949411762154 0.203336064257615 0.271634191018004 0.240182322497026 0.144597965856304 0.088223469598388 0.219716760418104 0.269120905495824 0.277355261813082 0.313626573978176 0.2951810888358 0.333717358265852 0.273469251450387 0.28320210207702 0.398583838935441 0.201922929295523 0.255232016606935 0.301813213188132 0.220082443957362 0.0600697699645365 0.255960141375178 0.294313213188132 0.144371447987299 0.351795641506434 0.237830772197919 0.221631866037872 0.222409068110411 0.239313213188132 0.217745855675178 0.173744261414517 0.228338832071263 0.125783106752482 0.233766704414902 0.177396968770821 0.121915105619769 0.372940156193313 0.175731736105522 0.329134855276613 0.276642826579921 0.217193732208547 0.226166541201707 0.233687086975829 0.245427202825437 0.184678786031511 0.258105671466168 0.558677391036765 0.229497438864585 0.24195990731151 0.556086717461636 0.245256816217227 0.299596194455569 0.304187443719271 0.307368215180957 0.243950518887613 0.234580030423861 0.267683967361995 0.252347179797228 0.235875367211425 0.247080030423861 0.130551237766264 0.27279951961352 0.283678498162225 0.263885752048235 0.177106712147434 0.209278560161251 0.138725071176923 0.290258809043054 0.244093227359337 0.144916817988628 0.149541075436464 0.259932982020336 0.194308009698472 0.224465664363899 0.147642529223369 0.0564487158404366 0.0799662748502236 0.197577351180249 0.138301595738681 0.197421910765741 0.221487386165413 0.229014916699987 0.24958523391352 0.272850368318551 0.248281672751114 0.254678643655857 0.244753627695904 0.231245115468442 0.151921157920429 0.204289299278207 0.27649122945808
"Anaspis_frontalis" 0.214962167955728 0.234931326575072 0.163695700739139 0 0.0145725388601036 0.00336787564766839 0.167308989211802 0.240463189645795 0.200204122288282 0.28019831781623 0.260014092139777 0.154119329166664 0.243391315060967 0.242402209201129 0.359667229733329 0.22249255061298 0.197655962330796 0.227734188681117 0.1695974175365 0.222247100898618 0.347778916549679 0.226055501766605 0.198208528647611 0.151275392711629 0.329197365688335 0.130449461290098 0.306739768593432 0.320185364448355 0.235276038023484 0.286053240096023 0.549883340623015 0.182097528249046 0.222330024578865 0.112852002653224 0.308293666595443 0.209432123705403 0.197127088498813 0.2304394497413 0.244717762073943 0.256483579762114 0.241115017696661 0.301079858526713 0.240831751711248 0.229136030937881 0.344517767796302 0.19547647517695 0.216550560852411 0.247747142048992 0.225906482679762 0.193625930774602 0.215883707541739 0.240247142048992 0.250195486709698 0.319158141767295 0.205193272458779 0.195211982879044 0.194434780806505 0.169162760081117 0.227595402568163 0.248799069367685 0.210727239067876 0.13257580642189 0.179700633275763 0.15778021347943 0.190226190974292 0.318874085054174 0.19038768368946 0.317555830769598 0.239157066321611 0.242427894486148 0.279792777754876 0.287313323528998 0.19498807469148 0.135374619592372 0.208801505027029 0.504611319897626 0.175431367725446 0.286245484495447 0.502020646322497 0.215543076684305 0.24553012331643 0.250121372580131 0.253302144041818 0.227893330029303 0.217327146069337 0.235046467622855 0.219709680058089 0.218622482856902 0.229827146069337 0.222130262273278 0.218733448474381 0.261736779354692 0.209819680909096 0.221392289331371 0.296051183977313 0.226637296162216 0.236192737903915 0.220096620406169 0.127663933634104 0.255365114158864 0.227295482281197 0.178091394774 0.272378184553018 0.173090208582437 0.162446415127762 0.167988685177804 0.225615704114446 0.213213953545695 0.262765963181803 0.188849886426274 0.196377416960848 0.238006209406505 0.245727302360759 0.236702648244099 0.235327598423453 0.190687556556765 0.177179044329303 0.156589357663155 0.187554549638709 0.222425158318941
"Anaspis_rufilabris" 0.229534706815832 0.245358787714968 0.178268239599243 0.0145725388601036 0 0.0137953367875648 0.156881528071906 0.255035728505899 0.21425852643336 0.269770856676334 0.24958663099988 0.168691868026768 0.257963853921071 0.252829670341026 0.370094690873225 0.232920011752876 0.208601558185718 0.21730672754122 0.180024878676396 0.207674562038515 0.358206377689575 0.236482962906501 0.183635989787507 0.136702853851526 0.339624826828232 0.145022000150201 0.292167229733329 0.330612825588251 0.220703499163381 0.27148070123592 0.560310801762911 0.196670067109149 0.232757485718761 0.102424541513328 0.297866205455547 0.194859584845299 0.186699627358917 0.215866910881197 0.230145223213839 0.26691104090201 0.226542478836557 0.286507319666609 0.228331751711248 0.214563492077778 0.354945228936199 0.210049014037053 0.201978021992308 0.233174603188889 0.236333943819658 0.208198469634706 0.230456246401842 0.250674603188889 0.260622947849595 0.329585602907192 0.215620733598676 0.184784521739148 0.184007319666609 0.18373529894122 0.217167941428267 0.234226530507582 0.200299777927979 0.143003267561786 0.190128094415659 0.147352752339533 0.204798729834396 0.32930154619407 0.200815144829356 0.307128369629702 0.253729605181715 0.257000433346251 0.290220238894772 0.297740784668894 0.209560613551583 0.145802080732268 0.194228966166926 0.515038781037523 0.185858828865342 0.296672945635344 0.487448107462393 0.230115615544409 0.255957584456326 0.235548833720028 0.263729605181715 0.242465868889407 0.227754607209233 0.246510198192804 0.230137141197985 0.229049943996798 0.215254607209233 0.207557723413175 0.229160909614277 0.251309318214796 0.195247142048992 0.231819750471268 0.285623722837416 0.21620983502232 0.224729007333967 0.209669159266272 0.138091394774 0.243383248873889 0.2418680211413 0.167663933634104 0.261950723413122 0.18766274744254 0.177018953987866 0.157561224037908 0.215188242974549 0.223641414685592 0.252338502041907 0.200313616996222 0.181804878100744 0.227578748266609 0.235299841220863 0.226275187104203 0.224900137283557 0.201115017696661 0.1876065054692 0.146161896523258 0.202127088498813 0.209925158318941
"Anaspis_thoracica" 0.218330043603397 0.231563450927404 0.167063576386807 0.00336787564766839 0.0137953367875648 0 0.17067686485947 0.243831065293463 0.203053863220925 0.283566193463899 0.263381967787445 0.157487204814333 0.246759190708636 0.24162500712859 0.35629935408566 0.219124674965311 0.197396894973283 0.231102064328785 0.166229541888831 0.21887922525095 0.34441104090201 0.222687626118936 0.194840652999942 0.147907517063961 0.325829490040667 0.133817336937766 0.303371892945764 0.316817488800686 0.231908162375816 0.282685364448355 0.546515464975346 0.185465403896714 0.218962148931197 0.116219878300892 0.311661542243111 0.208654921632864 0.200494964146481 0.229662247668761 0.241349886426274 0.253115704114446 0.237747142048992 0.297711982879044 0.242127088498813 0.228358828865342 0.341149892148634 0.198844350824618 0.215773358779872 0.246969939976454 0.225129280607223 0.196993806422271 0.219251583189407 0.239469939976454 0.24682761106203 0.315790266119627 0.201825396811111 0.198579858526713 0.197802656454174 0.172530635728785 0.230963278215832 0.246467463150069 0.214095114715544 0.131280469634325 0.176332757628094 0.161148089127098 0.193594066621961 0.315506209406505 0.187019808041792 0.320923706417267 0.242524941969279 0.245795770133816 0.276424902107207 0.283945447881329 0.198355950339148 0.132006743944703 0.205433629379361 0.501243444249958 0.172063492077778 0.282877608847779 0.501243444249958 0.218910952331974 0.242162247668761 0.246753496932463 0.24993426839415 0.231261205676972 0.213959270421669 0.235305534980368 0.21634180441042 0.215254607209233 0.226459270421669 0.21876238662561 0.215365572826713 0.26510465500236 0.206451805261428 0.218024413683703 0.299419059624981 0.230005171809884 0.238524344121531 0.223464496053837 0.125850462131513 0.257178585661454 0.230663357928865 0.181459270421669 0.275746060200686 0.176458084230105 0.165814290775431 0.171356560825473 0.228983579762114 0.209846077898027 0.266133838829472 0.189108953783787 0.194045810743231 0.241374085054174 0.249095178008427 0.240070523891767 0.238695474071122 0.187319680909096 0.173811168681635 0.159957233310823 0.190922425286378 0.223720495106505
"Anastrangalia_dubia" 0.139807138744963 0.380811744386874 0.237459442318817 0.167308989211802 0.156881528071906 0.17067686485947 0 0.305307338027545 0.346084540100084 0.196494065807537 0.203900513706213 0.174508341406676 0.126082325849165 0.321615960346264 0.358087330056242 0.315039635091448 0.254647491253709 0.112035118019574 0.226588946459413 0.196460852043754 0.346199016872592 0.283047030689518 0.194644502014968 0.272155810523431 0.327617466011248 0.0575849165227404 0.255159868916346 0.318605464771268 0.208696138346397 0.259473340418936 0.548303440945928 0.192134537885833 0.215988220201778 0.177314129458578 0.176540232939197 0.28586809707276 0.154455404986493 0.178859550064213 0.196709290996856 0.254903680085027 0.214535118019574 0.228071387449626 0.192823280634161 0.177556131260794 0.342937868119215 0.284396616650237 0.269970661175324 0.221167242371906 0.282898011602675 0.297529212283353 0.200314170558952 0.238667242371906 0.329409237854834 0.334244908823542 0.262184801381692 0.140985895221646 0.141763097294185 0.137035118019574 0.108602475532527 0.200790598290598 0.147692861255037 0.260678446455914 0.258120733598676 0.19516980142468 0.212176461051379 0.317294185377087 0.336268101501262 0.196675412957796 0.220996855763695 0.176932376776936 0.303609703500011 0.311129868296355 0.189781232009211 0.209032815215285 0.177459700649942 0.583031420220539 0.253851468048359 0.26323701341836 0.55544074664541 0.189610845401001 0.243950223639343 0.198541472903045 0.251722244364731 0.188304548071387 0.27431867499225 0.212037996545769 0.196701208981002 0.275614011779815 0.26181867499225 0.34301068008508 0.217153548797294 0.203032527345999 0.183239781232009 0.278383818254284 0.161514215490899 0.225030667341894 0.289612838226828 0.0777876311943669 0.184655462557017 0.287356643081777 0.20428701120411 0.209046654266861 0.22074277047075 0.24891963533022 0.279093343314809 0.217781842495536 0.2738544572871 0.375761038057497 0.141885545370001 0.245841415349187 0.228368945883761 0.117125791594703 0.192204397502325 0.15727300763437 0.174032672839631 0.269107656879678 0.255599144652216 0.0907196315486471 0.244027943846597 0.195845258641854
"Anisotoma_castanea" 0.294389088171472 0.333965944820867 0.163232511093344 0.240463189645795 0.255035728505899 0.243831065293463 0.305307338027545 0 0.0407772020725389 0.439625238031974 0.41944101235552 0.275084710920869 0.30138966387671 0.15887272483154 0.203207342456047 0.183065630397237 0.296690580576591 0.30716110889686 0.268632035782295 0.121281719144413 0.191319029272397 0.128167043089323 0.177243146893406 0.210310010957424 0.36966055533413 0.268447810105841 0.387202958239228 0.32064855409415 0.238816150746202 0.366516429741818 0.63034653026881 0.240095877064789 0.25803130952466 0.312278922868967 0.227830476949648 0.170005203489659 0.249740821929941 0.29551802400248 0.263752380319738 0.300023692484832 0.281578207342456 0.320114476772508 0.259866369957043 0.269599220583676 0.384980957442097 0.190910721377308 0.321629135113591 0.288210331694788 0.286479562464018 0.153162741128807 0.255310627757482 0.240710331694788 0.0907685664939551 0.218192760013091 0.304227890704575 0.253210331694788 0.252433129622249 0.38716110889686 0.285593751383907 0.200141379921173 0.268725587883619 0.180328373436916 0.180163822921558 0.251566108002865 0.269763001328497 0.239337274699969 0.212499225012178 0.396982750985342 0.278583986537354 0.245041627917275 0.132563659708363 0.140084205482485 0.274414994907223 0.251075904538167 0.244502789972824 0.625074509543421 0.295894557371241 0.228357025818166 0.622483835968292 0.294969996900049 0.325993312962225 0.330584562225927 0.333765333687613 0.245891678845047 0.300977148930517 0.254081085868651 0.238744298303884 0.302272485718081 0.313477148930517 0.182703342057535 0.259196638120176 0.341163699570435 0.290282870554891 0.12350383065409 0.277126455869979 0.136943337285652 0.35665592754971 0.311941123068066 0.251313936495284 0.21593819394312 0.246330100526992 0.260705128205128 0.213453456445684 0.215594051875103 0.183411796881967 0.188954066932009 0.268119547407112 0.0704537000299522 0.26526980647447 0.287884504672069 0.295412035206643 0.317433129622249 0.285154222576502 0.276129568459842 0.274754518639197 0.27115074620256 0.257642233975098 0.214587706478898 0.230686417784863 0.222888347964736
"Anisotoma_humeralis" 0.33516629024401 0.293188742748328 0.124009713165883 0.200204122288282 0.21425852643336 0.203053863220925 0.346084540100084 0.0407772020725389 0 0.480402440104513 0.460218214428059 0.235861912993408 0.342166865949249 0.118095522759001 0.242430140383508 0.142288428324698 0.255913378504052 0.347938310969399 0.227854833709756 0.160504517071875 0.230541827199858 0.087389841016784 0.216465944820867 0.169532808884886 0.408883353261592 0.30922501217838 0.426425756166689 0.359871352021611 0.278038948673664 0.405739227669279 0.669569328196271 0.280873079137328 0.297254107452121 0.273056124941506 0.268607679022187 0.129228001417121 0.29051802400248 0.334740821929941 0.302975178247199 0.339246490412293 0.320801005269917 0.359337274699969 0.299089167884505 0.308822018511138 0.424203755369558 0.151687923449847 0.280851933041052 0.327433129622249 0.245702360391479 0.113939943201346 0.296087829830021 0.279933129622249 0.0499913644214162 0.257415557940552 0.263450688632036 0.293987533767326 0.293210331694788 0.347938310969399 0.326370953456446 0.239364177848634 0.309502789956158 0.139551171364377 0.139386620849019 0.212343310075404 0.230540203401036 0.27856007262743 0.17172202293964 0.43775995305788 0.319361188609893 0.285818829989814 0.171786457635824 0.179307003409946 0.315192196979762 0.210298702465628 0.283725587900286 0.584297307470882 0.255117355298702 0.267579823745627 0.581706633895753 0.335747198972587 0.365216110889686 0.369807360153388 0.372988131615074 0.286668880917586 0.260199946857978 0.293303883796112 0.277967096231345 0.261495283645543 0.272699946857978 0.141926139984996 0.298419436047637 0.381940901642974 0.329505668482352 0.0827266285815508 0.317903657942518 0.17772053935819 0.315878725477171 0.352718325140605 0.210536734422745 0.175160991870581 0.286071033169479 0.221482330277667 0.254230658518223 0.176371253947642 0.144188998954506 0.149731269004548 0.228896749479651 0.0296764979574133 0.306047008547008 0.247107302599531 0.254634833134104 0.358210331694788 0.325931424649041 0.316906770532381 0.315531720711735 0.230373544130021 0.21686503190256 0.255364908551437 0.190945485142376 0.262111145892197
"Anthaxia_helvetica" 0.186686927062575 0.515129644391302 0.382140036623763 0.28019831781623 0.269770856676334 0.283566193463899 0.196494065807537 0.439625238031974 0.480402440104513 0 0.0424064478986759 0.2704472628624 0.278131947212258 0.455933860350693 0.263516341171782 0.449357535095877 0.267597869890616 0.189458947787963 0.307573513130508 0.330778752048182 0.273850250210354 0.417364930693946 0.328962402019397 0.40647371052786 0.217661861742173 0.254078982330278 0.0836658031088083 0.147111398963731 0.224125149461937 0.0979792746113989 0.376809375138391 0.249529360967185 0.229365949232702 0.247346315163006 0.373034298746734 0.420185997077189 0.189884416102033 0.149288561179753 0.22675368672778 0.192554913422789 0.209964129135114 0.248500398565165 0.222867676365086 0.215207364598556 0.261443802311678 0.418714516654665 0.265399672290864 0.196596253487445 0.328327022718214 0.431847112287782 0.224314610274492 0.254096253487445 0.463727137859262 0.391639731904893 0.307613812497232 0.186414906337186 0.187192108409725 0.239458947787963 0.19289159027501 0.246219609406138 0.193121872370577 0.394996346460343 0.348787839980882 0.308059130029109 0.408670526858917 0.222723196492626 0.470586001505691 0.177357512953368 0.201041251494619 0.254946304415216 0.37364188920444 0.365447768300784 0.165210243124751 0.326684048519713 0.250666489509926 0.411537354413002 0.271502701386121 0.3086660245339 0.383946680837872 0.144655241131925 0.133994619370267 0.145252535333969 0.141766640095656 0.233733559186927 0.31974768610779 0.27968922988353 0.264352442318763 0.321043022895354 0.30724768610779 0.477328580089509 0.241153988512834 0.108461538461538 0.158668792347549 0.412701718258713 0.261347371684159 0.36971126164684 0.205041849342367 0.220948363668571 0.274528918117001 0.396277717663983 0.234331406935034 0.298920109826846 0.266171781586289 0.344031186156871 0.391982671919237 0.330671171099965 0.291505690624861 0.493412271361926 0.241712944510872 0.275885811080112 0.270948954120668 0.194730968513352 0.194471015455471 0.224221058173168 0.207461392967907 0.264536667995217 0.279599584367756 0.230218878703335 0.289456954962136 0.219845698357393
"Anthaxia_quadripunctata" 0.169093374961251 0.494945418714849 0.364546484522439 0.260014092139777 0.24958663099988 0.263381967787445 0.203900513706213 0.41944101235552 0.460218214428059 0.0424064478986759 0 0.252853710761076 0.260538395110934 0.435749634674239 0.253332115495328 0.429173309419423 0.247413644214162 0.171865395686639 0.287389287454054 0.310594526371728 0.2636660245339 0.397180705017492 0.308778176342943 0.386289484851406 0.185255413843497 0.236485430228953 0.0984815774323546 0.136927173287277 0.203940923785483 0.0777950489349453 0.344402927239715 0.229345135290731 0.209181723556249 0.227162089486553 0.38044074664541 0.400001771400735 0.169700190425579 0.179104335503299 0.206569461051326 0.172370687746335 0.18977990345866 0.278316172888712 0.202683450688632 0.220023138922103 0.241259576635224 0.398530290978212 0.222993224392188 0.176412027810991 0.308142797041761 0.411662886611328 0.204130384598038 0.233912027810991 0.443542912182808 0.37145550622844 0.265207364598556 0.166230680660732 0.167007882733271 0.221865395686639 0.175298038173686 0.226035383729684 0.150715424471901 0.374812120783889 0.328603614304428 0.312874904352655 0.391076974757593 0.212538970816173 0.450401775829237 0.159763960852044 0.180857025818166 0.237352752313892 0.353457663527986 0.34526354262433 0.145026017448297 0.30649982284326 0.230482263833473 0.379130906514326 0.251318475709667 0.266259576635224 0.351540232939197 0.124471015455471 0.123810393693813 0.127846087435293 0.131582414419202 0.213549333510473 0.277341238209114 0.259505004207077 0.24416821664231 0.278636574996679 0.264841238209114 0.457144354413055 0.22096976283638 0.100867986360214 0.138484566671095 0.392517492582259 0.221531597360613 0.352117709545516 0.184857623665914 0.203354811567247 0.254344692440547 0.376093491987529 0.21414718125858 0.278735884150392 0.245987555909836 0.323846960480417 0.371798446242784 0.310486945423511 0.271321464948408 0.473228045685472 0.224119392409548 0.255701585403658 0.250764728444214 0.177137416412028 0.174286789779018 0.206627506071844 0.189867840866582 0.244352442318763 0.259415358691302 0.23762532660201 0.269272729285683 0.19966147268094
"Anthribus_albinus" 0.123590091550602 0.309050655741736 0.127236815212141 0.154119329166664 0.168691868026768 0.157487204814333 0.174508341406676 0.275084710920869 0.235861912993408 0.2704472628624 0.252853710761076 0 0.170590667255841 0.211393333239589 0.263578988649566 0.204817007984773 0.182886402608571 0.151362112275991 0.154827857814275 0.229699763398616 0.251690675465916 0.172824403582842 0.227883413369831 0.225394721878294 0.271570663066111 0.182093257929416 0.249113065971208 0.26255866182613 0.173473511239721 0.228426537473799 0.49225663800079 0.200373449240696 0.20756046485664 0.14626732651344 0.232587035884334 0.200645469966084 0.16230970095674 0.17171384603446 0.229948202351718 0.240395338678351 0.197774029374436 0.286310298804488 0.226062191989024 0.205795042615657 0.301176779474078 0.254173989543561 0.157824957145571 0.190120439426768 0.172675384495999 0.187306585176677 0.187124510513815 0.216906153726768 0.219186610748158 0.342483820178404 0.190423712736555 0.174224806576509 0.175002008649048 0.176362112275991 0.154794754763037 0.195567971183922 0.1809317726099 0.150455819349238 0.164931073553538 0.126339115687235 0.218223263996517 0.261247382431949 0.226045474394586 0.216183754364472 0.179235767118558 0.169786672747183 0.209101362093335 0.216621526889679 0.133734429064074 0.120605059870147 0.194031945304805 0.446984617275402 0.132090379403222 0.233014386311685 0.444393943700272 0.133564042455863 0.187903420694205 0.192494669957907 0.195675441419594 0.19654345942625 0.187172970962497 0.220276907900631 0.204940120335864 0.188468307750062 0.199672970962497 0.257788052978404 0.203963888752157 0.171985724400861 0.152192978286872 0.168161191147609 0.184788997710648 0.219808040235218 0.17856603528169 0.188834434139504 0.097509758527264 0.202134015975101 0.212525922558972 0.146900950237109 0.215520143364074 0.117268436823544 0.147442144808133 0.11113064398886 0.138631830180424 0.248871744250821 0.142932348315139 0.17408032670405 0.181607857238623 0.156634133001379 0.175443308857187 0.169083347589232 0.185843012794493 0.14734656823454 0.162409484607079 0.14895854290351 0.156882239816844 0.207655598596716
"Arhopalus_rusticus" 0.0914450201496834 0.376894070236039 0.233541768167982 0.243391315060967 0.257963853921071 0.246759190708636 0.126082325849165 0.30138966387671 0.342166865949249 0.278131947212258 0.260538395110934 0.170590667255841 0 0.31769828619543 0.309725211460963 0.311121960940614 0.20628537265843 0.0886729994242948 0.178226827864134 0.217543177892919 0.297836898277313 0.279129356538683 0.215726827864134 0.293238136372596 0.279255347415969 0.112941853770869 0.256797750321066 0.270243346175989 0.185334019751118 0.236111221823657 0.499941322350649 0.188216863734998 0.167626101606499 0.278396455307743 0.188943802311678 0.306950422921925 0.131093286391214 0.180497431468934 0.173347172401577 0.286541561489748 0.191172999424295 0.229709268854347 0.169461162038882 0.179194012665515 0.294575749523936 0.360478942499402 0.246608542580045 0.197805123776626 0.234535893007396 0.293611538132518 0.151952051963673 0.190305123776626 0.325491563703999 0.330327234672707 0.213822682786413 0.117623776626367 0.118400978698906 0.168672999424295 0.0852403569372481 0.177428479695319 0.124330742659758 0.256760772305079 0.231980837225619 0.241252127273845 0.241626662548213 0.268932066781808 0.332350427350427 0.10077443425889 0.172634737168416 0.128570258181657 0.299692029349176 0.30721219414552 0.141419113413932 0.20511514106445 0.154097582054663 0.53466930162526 0.20548934945308 0.214874894823081 0.532078628050131 0.141248726805722 0.195588105044064 0.200179354307765 0.203360125769452 0.139942429476108 0.225956556396971 0.163675877950489 0.148339090385722 0.227251893184536 0.238456556396971 0.364093005934246 0.168791430202015 0.17967040875072 0.15987766263673 0.27446614410345 0.13815209689562 0.246112993191059 0.266250719631549 0.103337429697533 0.136293343961738 0.28304214350872 0.15592489260883 0.185684535671582 0.19738065187547 0.227224183401607 0.275175669163974 0.238864168344701 0.25049233869182 0.371843363906663 0.113342079624463 0.197479296753908 0.234636456888481 0.0834009786989061 0.168842278907046 0.13391088903909 0.150670554244351 0.220745538284398 0.207237026056937 0.136801957397812 0.195665825251317 0.172483140046575
"Atheta_picipes" 0.310697710490191 0.281759886655994 0.172475606324884 0.242402209201129 0.252829670341026 0.24162500712859 0.321615960346264 0.15887272483154 0.118095522759001 0.455933860350693 0.435749634674239 0.211393333239589 0.31769828619543 0 0.254334617624507 0.073423674745184 0.188335990460077 0.323469731215579 0.159759310950755 0.172408994312874 0.242446304440857 0.0992943182577831 0.200592644284088 0.198103952792551 0.340787830502591 0.306978654646783 0.398330233407688 0.37177582926261 0.249943425914663 0.377643704910278 0.64147380543727 0.22862672160573 0.22915858469312 0.208587545187686 0.243369868447854 0.109252136726496 0.26604944424866 0.30664529917094 0.234879655488198 0.271150967653292 0.252705482510916 0.241241751940968 0.233066183985607 0.240726495752137 0.356108232610557 0.050552677029361 0.212756410282051 0.259337606863248 0.127606837632479 0.116638640538125 0.231619250076201 0.291837606863248 0.0877932775085691 0.235193051092662 0.195355165873035 0.269518954013507 0.268741751940968 0.273469731215579 0.301902373702626 0.216396860166556 0.285034210202338 0.110344537494265 0.151291098090018 0.147874730321584 0.229006096560037 0.290464549868429 0.120293166847305 0.413291373304061 0.254892608856074 0.211350250235995 0.111993743153747 0.119513907950091 0.290723617225942 0.142203179706627 0.215630065141285 0.516201784711882 0.187021832539701 0.199484300986626 0.513611111136752 0.311278619218768 0.337120588130685 0.341711837394387 0.344892608856074 0.222200301163766 0.182104424098977 0.176244630467163 0.199871573472344 0.183399760886542 0.194604424098977 0.126394719738816 0.230323913288636 0.357472321889155 0.301410145723351 0.0946311058225499 0.293435078188698 0.168380164747961 0.250892011008326 0.328249745386785 0.182441211663744 0.0955535785328639 0.221602453415659 0.157013750523847 0.189762078764404 0.111902674193822 0.177840077269062 0.161160125096882 0.164428169725831 0.144145077711233 0.281578428793189 0.180048049270581 0.186539310375103 0.333741751940968 0.261462844895222 0.252438190778562 0.251063140957916 0.24227802137102 0.228769509143559 0.25311855101984 0.206476905388557 0.2760881619933
"Atomaria_turgida" 0.218280191311279 0.460608919002701 0.336810223949391 0.359667229733329 0.370094690873225 0.35629935408566 0.358087330056242 0.203207342456047 0.242430140383508 0.263516341171782 0.253332115495328 0.263578988649566 0.309725211460963 0.254334617624507 0 0.315841193924095 0.30036291572561 0.246052212036668 0.251498383596829 0.183848700234711 0.01188831318365 0.163848589522165 0.257887272485718 0.334880446279155 0.174743368318498 0.365672246578982 0.18399561578318 0.117441211638103 0.155608808290155 0.183309087285771 0.427139187812763 0.33732031353793 0.197483725239079 0.318550978375442 0.377704486072362 0.323586754351003 0.203631925069749 0.204227779992029 0.216762654444002 0.143183649971215 0.183552212036668 0.270015942606616 0.220648664806696 0.220531198795447 0.285918692706257 0.304887294653868 0.23033889110314 0.176920087684336 0.245189318453567 0.330973258162632 0.19777315949729 0.169420087684336 0.210210796687481 0.291969544579266 0.260346973118994 0.217101434834595 0.216324232762057 0.351052212036668 0.249484854523715 0.188065962534874 0.232616691023427 0.298519994711439 0.179966596457566 0.30069530640934 0.443340714184544 0.040793144679155 0.337069660333909 0.310873854125149 0.192475089677162 0.231154953279306 0.160125548032658 0.151931427129002 0.168306098047031 0.270090784271009 0.2206276294063 0.428602918382711 0.224235862007883 0.179294761082326 0.431193591957841 0.183861100039856 0.129521721801515 0.197152694760035 0.130557991231566 0.209782781984854 0.249324210619547 0.236049333510473 0.21138612107524 0.249065143262034 0.261824210619547 0.368812238917727 0.184560724264129 0.155054802710243 0.174847548824233 0.159703511801957 0.241017559009787 0.309381448972468 0.188474491829414 0.311387781763429 0.253431867499225 0.302269148512927 0.209184934236748 0.26904067578938 0.177344559585492 0.229167694726022 0.32074612349357 0.281843949099167 0.204232872769142 0.243522873195326 0.2213831318365 0.24763053009167 0.326641461095558 0.251324232762057 0.221267547938532 0.240814322421872 0.239439272601227 0.168979673176564 0.183006320119051 0.311812142952039 0.194059386209645 0.162242071414388
"Bibloporus_bicolor" 0.304121385235375 0.292005668482352 0.116668511890581 0.22249255061298 0.232920011752876 0.219124674965311 0.315039635091448 0.183065630397237 0.142288428324698 0.449357535095877 0.429173309419423 0.204817007984773 0.311121960940614 0.073423674745184 0.315841193924095 0 0.181759665205261 0.316893405960763 0.141784021965369 0.238578783047695 0.305507284885523 0.155101412692086 0.169284021965369 0.161613983323573 0.330584562242593 0.287068996058633 0.375691731987069 0.352246136132146 0.225750520348966 0.353450799344582 0.617280899871573 0.208717063017581 0.219991585863175 0.202011219932871 0.187562774013551 0.0534450422921925 0.259473118993844 0.300068973916124 0.222603848368097 0.256802621673088 0.239393405960763 0.225857136530712 0.226489858730791 0.234150170497321 0.341759886630353 0.110643018441212 0.206180085027235 0.252761281608432 0.121030512377663 0.0608315461038218 0.225042924821385 0.285261281608432 0.107702936096718 0.280257485768761 0.186188167043089 0.262942628758691 0.262165426686152 0.266893405960763 0.29532604844781 0.203137925689739 0.278457884947522 0.0899167441910898 0.220569695114995 0.141298405066768 0.173199002125734 0.35663433860325 0.0827669279482751 0.406715048049245 0.248316283601258 0.204773924981179 0.159498029311127 0.167018575085249 0.284147291971126 0.122673486576164 0.198691045585951 0.504444112306807 0.177854833709756 0.185135955006421 0.507034785881936 0.304702293963952 0.32536291572561 0.32632722198413 0.320699703290377 0.21562397590895 0.165165404543643 0.169668305212347 0.185005092777113 0.163870067756078 0.177665404543643 0.0555617185687614 0.208203546583043 0.350895996634339 0.290688742748328 0.156655816837164 0.286858752933882 0.143342301082888 0.24431568575351 0.321673420131969 0.174828616978876 0.0530798174318941 0.215026128160843 0.150437425269031 0.183185753509588 0.105326348939006 0.122032982834759 0.118686363995912 0.157851844471015 0.160047827836515 0.275002103538373 0.173471724015765 0.178408580975209 0.327165426686152 0.254886519640406 0.245861865523746 0.2444868157031 0.22482086710066 0.209757950728121 0.23320889243169 0.199900580133741 0.269511836738484
"Bitoma_crenata" 0.199284796953191 0.327531774500686 0.230293462069935 0.197655962330796 0.208601558185718 0.197396894973283 0.254647491253709 0.296690580576591 0.255913378504052 0.267597869890616 0.247413644214162 0.182886402608571 0.20628537265843 0.188335990460077 0.30036291572561 0.181759665205261 0 0.212056817678579 0.0488645321287808 0.208180882157566 0.28847460254196 0.18976706080333 0.206364532128781 0.203875840637244 0.214508436296001 0.262232407776449 0.210512377662637 0.183957973517559 0.215971724015765 0.189825849165227 0.453655949692219 0.15695739781232 0.102879190486531 0.159396853872909 0.351187724192905 0.177588127186573 0.170021146096276 0.211135135733581 0.108600261281608 0.237179265754395 0.141810703688942 0.180346973118994 0.106268655063992 0.129831716930162 0.168290376865506 0.238370532774412 0.117246246844692 0.148442828041274 0.105173597272043 0.184456496283176 0.120206336539201 0.180942828041274 0.236129267968646 0.244041862014277 0.0844603870510606 0.158106040476507 0.157328838403968 0.212056817678579 0.190489460165626 0.208066183959966 0.173621296665338 0.127398476569727 0.142618541490266 0.124325064699114 0.336823952305088 0.259569771046455 0.202988131615075 0.224955382843984 0.128095079934458 0.12532195208361 0.250329733613824 0.257849898410168 0.179310703688942 0.0757528453290974 0.10473528631931 0.32838392896683 0.0761270537177273 0.165512599087729 0.325793255391701 0.184481090297152 0.210841193924095 0.215432443187797 0.218613214649484 0.110787387626766 0.0965942606616182 0.114831716930163 0.0989767946503698 0.0978895974491829 0.109094260661618 0.234730710198893 0.119429134466662 0.246059408352154 0.190515366901377 0.185103848368097 0.258945241574775 0.242864687093012 0.139479097471325 0.262990678003631 0.086931048226385 0.155752386633471 0.0948049244940437 0.0609854523714627 0.15527224215048 0.104079504246566 0.235657933014114 0.196755758619711 0.129938333111908 0.28248106817131 0.247088592179266 0.0532505203489659 0.0283510842300518 0.222328838403968 0.134665315973606 0.141025277241561 0.1242656120363 0.131383242549046 0.117874730321585 0.208372304149506 0.110448607236172 0.164675248456299
